003 0.615 1019.4 21.5 1062.3 64.4
003 0.599 1180.4 32.2 1223.3 75.1
003 0.639 611.6 461.4 654.6 504.3
003 0.631 203.9 611.6 246.8 654.6
003 0.609 1030.1 869.2 1073.1 912.1
018 0.755 1937.7 697.6 2247.7 1007.6
018 0.598 2867.8 852.6 3177.8 1162.6
018 0.553 6355.6 1395.1 6665.7 1705.2
018 0.721 5503.1 1860.2 5813.1 2170.2
018 0.692 620.1 2945.3 930.1 3255.3
018 0.588 1627.7 2945.3 1937.7 3255.3
018 0.615 2170.2 3487.9 2480.2 3797.9
018 0.635 7285.7 4728.0 7595.8 5038.0
018 0.600 3100.3 4960.5 3410.3 5270.5
036 0.873 620.1 516.7 826.8 723.4
036 0.669 671.7 1705.2 878.4 1911.9
036 0.758 3617.0 2686.9 3823.7 2893.6
036 0.807 1343.5 4392.1 1550.2 4598.8
036 0.516 4133.8 4392.1 4340.4 4598.8
043 0.710 548.0 438.4 767.3 657.7
043 0.815 219.2 657.7 438.4 876.9
043 0.574 4274.8 1150.9 4494.0 1370.1
043 0.779 3617.1 3397.9 3836.3 3617.1
043 0.751 4220.0 3836.3 4439.2 4055.5
043 0.585 383.6 5480.5 602.9 5699.7
043 0.630 3726.7 6083.3 3945.9 6302.5
043 0.672 2027.8 6302.5 2247.0 6521.8
043 0.696 1370.1 6467.0 1589.3 6686.2
043 0.623 1260.5 6686.2 1479.7 6905.4
043 0.569 109.6 876.9 548.0 1315.3
038 0.920 2480.2 77.5 2790.3 387.5
038 0.886 3177.8 6200.6 3487.9 6510.7
056 0.670 564.5 115.0 606.3 156.8
056 0.793 857.2 564.5 899.0 606.3
056 0.692 240.4 648.1 282.2 689.9
056 0.706 1076.7 721.3 1118.5 763.1
056 0.677 198.6 825.8 240.4 867.6
056 0.701 1442.6 857.2 1484.4 899.0
056 0.903 418.1 83.6 501.8 167.3
067 0.769 4262.9 1627.7 4573.0 1937.7
067 0.853 1395.1 465.0 2015.2 1085.1
074 0.912 5193.0 1782.7 5503.1 2092.7
074 0.519 6898.2 2480.2 7208.2 2790.3
074 0.675 5968.1 3565.4 6278.1 3875.4
074 0.912 5270.5 3875.4 5580.6 4185.4
074 0.734 9223.4 5270.5 9533.5 5580.6