003 0.581 697.5 75.1 740.4 118.0
003 0.649 515.1 461.4 558.0 504.3
003 0.651 901.4 804.8 944.3 847.7
003 0.610 869.2 912.1 912.1 955.0
003 0.811 1298.4 922.8 1341.3 965.8
003 0.536 64.4 686.8 150.2 772.6
018 0.565 1085.1 3410.3 1395.1 3720.4
018 0.576 6975.7 4340.4 7285.7 4650.5
036 0.504 671.7 2118.5 878.4 2325.2
043 0.875 1370.1 0.0 1589.3 219.2
043 0.590 0.0 712.5 219.2 931.7
043 0.939 3836.3 3726.7 4055.5 3945.9
038 0.535 5425.5 2480.2 5735.6 2790.3
056 0.578 679.5 230.0 721.3 271.8
074 0.649 1705.2 4883.0 2015.2 5193.0
074 0.725 8525.9 6355.6 9145.9 6975.7